| [0, 31] |
| [0, 30] |
| [0, 29] |
| [0, 28] |
| [0, 27] |
| [0, 26] |
| [0, 25] |
| [0, 24] |
| [0, 23] |
| [0, 22] |
| [0, 21] |
| [0, 20] |
| [0, 19] |
| [0, 18] |
| [0, 17] |
| [0, 16] |
| [0, 15] |
| [0, 14] |
| [0, 13] |
| [0, 12] |
| [0, 11] |
| [0, 10] |
| [1, 10] |
| [2, 10] |
| [3, 10] |
| [4, 10] |
| [5, 10] |
| [6, 10] |
| [7, 10] |
| [8, 10] |
| [9, 10] |
| [9, 11] |
| [10, 11] |
| [10, 12] |
| [11, 12] |
| [11, 13] |
| [12, 13] |
| [13, 13] |
| [14, 13] |
| [14, 14] |
| [14, 15] |
| [14, 16] |
| [14, 17] |
| [13, 17] |
| [12, 17] |
| [12, 16] |
| [11, 16] |
| [11, 15] |
| [10, 15] |
| [10, 14] |
| [9, 14] |
| [9, 13] |
| [8, 13] |
| [8, 12] |
| [7, 12] |
| [6, 12] |
| [5, 12] |
| [4, 12] |
| [3, 12] |
| [2, 12] |
| [2, 13] |
| [2, 14] |
| [3, 14] |
| [4, 14] |
| [5, 14] |
| [6, 14] |
| [6, 15] |
| [7, 15] |
| [7, 16] |
| [8, 16] |
| [8, 17] |
| [8, 18] |
| [7, 18] |
| [7, 19] |
| [6, 19] |
| [6, 20] |
| [5, 20] |
| [4, 20] |
| [3, 20] |
| [2, 20] |
| [2, 21] |
| [2, 22] |
| [3, 22] |
| [4, 22] |
| [5, 22] |
| [6, 22] |
| [7, 22] |
| [8, 22] |
| [8, 21] |
| [9, 21] |
| [9, 20] |
| [10, 20] |
| [10, 19] |
| [11, 19] |
| [12, 19] |
| [13, 19] |
| [14, 19] |
| [14, 20] |
| [14, 21] |
| [14, 22] |
| [13, 22] |
| [12, 22] |
| [11, 22] |
| [10, 22] |
| [10, 23] |
| [9, 23] |
| [9, 24] |
| [8, 24] |
| [7, 24] |
| [7, 25] |
| [6, 25] |
| [5, 25] |
| [5, 26] |
| [4, 26] |
| [3, 26] |
| [3, 27] |
| [3, 28] |
| [4, 28] |
| [5, 28] |
| [6, 28] |
| [7, 28] |
| [7, 27] |
| [8, 27] |
| [9, 27] |
| [10, 27] |
| [10, 26] |
| [11, 26] |
| [12, 26] |
| [12, 27] |
| [12, 28] |
| [12, 29] |
| [13, 29] |
| [14, 29] |
| [14, 30] |
